sql_education=#insert into order_item(order_id,item_id,quantity) values(1,2,2),(1,4,1),(1,7,2),(2,5,4),(2,6,5),(2,7,6),(3,3,10),(3,7,5),(3,2,5),(4,3,10),(4,7,1),(4,6,2),(5,8,2),(5,4,2),(5,1,2);
INSERT 0 15
sql_education=# SELECT * FROM order_item;
 id | order_id | item_id | quantity
----+----------+---------+----------
  1 |        1 |       2 |        2
  2 |        1 |       4 |        1
  3 |        1 |       7 |        2
  4 |        2 |       5 |        4
  5 |        2 |       6 |        5
  6 |        2 |       7 |        6
  7 |        3 |       3 |       10
  8 |        3 |       7 |        5
  9 |        3 |       2 |        5
 10 |        4 |       3 |       10
 11 |        4 |       7 |        1
 12 |        4 |       6 |        2
 13 |        5 |       8 |        2
 14 |        5 |       4 |        2
 15 |        5 |       1 |        2
(15 行)